((("LPF_FILE" .
   [0 0 0 0 0 0 0 1])
  ("left2" .
   [1 0 0 0 0])
  ("PLAYBACK_FRAMES" .
   [1 0 0 1 0 0 0 0 0 0 0 0 0 0 0])
  ("left1" .
   [1 0 0 0 0])
  ("buffer" .
   [1 0 0 0 0 0])
  ("std" .
   [3 0 0])
  ("vector" .
   [2 0 0 0 0 0])
  ("signal" .
   [4 0 0 0 0 0])
  ("size" .
   [5 0 0 0])
  ("abs" .
   [2 0 0])
  ("a" .
   [1])
  ("update_fwr" .
   [2 0 0 0 0 0 0 0 0 0])
  ("update_astr2" .
   [2 0 0 0 0 0 0 0 0 0 0 0])
  ("update_soft_clipping" .
   [0 0 0 0 0 0 0 0 0 1 0 0 1 0 0 0 0 0 0 0])
  ("play" .
   [1 0 0 0])
  ("play_fast" .
   [1 0 0 0 0 0 0 0 0])
  ("cout" .
   [1 0 0 0])
  ("time_between_clocks" .
   [0 0 0 0 1 0 0 0 0 0 0 0 0 0 0 0 0 0 0])
  ("t1" .
   [1 0])
  ("t2" .
   [1 0])
  ("endl" .
   [1 0 0 0])
  ("NULL" .
   [11 0 0 0])
  ("lpfl" .
   [1 0 0 0])
  ("hpfl1" .
   [0 0 0 0 1])
  ("hpfl2" .
   [1 0 0 0 0])
  ("lpfr" .
   [1 0 0 0])
  ("hpfr1" .
   [1 0 0 0 0])
  ("hpfr2" .
   [1 0 0 0 0])
  ("GAIN" .
   [1 0 0 0])))
